MSE = 0.020462, MAE = 0.036715, RelErr = 0.12%

Значения коэффициентов C (всего 20):
C( 1) = +5.084582373479e+03
C( 2) = +2.588389634146e+04
C( 3) = -1.714448830792e+04
C( 4) = -2.447177047436e+03
C( 5) = +2.708468230897e+04
C( 6) = -1.075791332956e+04
C( 7) = +1.119773594061e+04
C( 8) = -9.017005888906e+03
C( 9) = -2.136408872029e+04
C(10) = +3.218499546076e+01
C(11) = +4.273243770820e+03
C(12) = +5.865611815594e-01
C(13) = -1.221322656435e+03
C(14) = +1.692360628214e+03
C(15) = -5.351485783234e+03
C(16) = +1.847258015471e+03
C(17) = +3.975541318379e+02
C(18) = -2.224555629357e+01
C(19) = -3.729529602822e+03
C(20) = -4.291496849557e+02

Решение дифференциальных уравнений (все точки):
           t                 x1=y             x2=dy/dt           x3=d2y/dt2
    0.000000   0.000000000000e+00   2.000066666833e+00   2.000024999753e-02
    0.010000   2.000206896651e-02   2.000393094282e+00   4.735353056615e-02
    0.020000   4.000893710921e-02   2.001039529402e+00   8.270059230320e-02
    0.030000   6.002409755370e-02   2.002056657856e+00   1.209838739430e-01
    0.040000   8.005136666924e-02   2.003462954903e+00   1.603669399807e-01
    0.050000   1.000946777432e-01   2.005265313240e+00   2.001715669665e-01
    0.060000   1.201580030116e-01   2.007466846042e+00   2.400985923169e-01
    0.070000   1.402453439025e-01   2.010067871070e+00   2.801292770928e-01
    0.080000   1.603606962393e-01   2.013069412528e+00   3.201765850945e-01
    0.090000   1.805080608189e-01   2.016472163502e+00   3.601884184785e-01
    0.100000   2.006914638606e-01   2.020274427203e+00   4.003527017971e-01
    0.110000   2.209148977111e-01   2.024478124818e+00   4.404989170028e-01
    0.120000   2.411823502516e-01   2.029085863564e+00   4.803896693613e-01
    0.130000   2.614978890257e-01   2.034092450519e+00   5.205682990013e-01
    0.140000   2.818655364132e-01   2.039497498831e+00   5.611003978838e-01
    0.150000   3.022892390095e-01   2.045308531237e+00   6.012631944190e-01
    0.160000   3.227729947084e-01   2.051528234933e+00   6.408172321955e-01
    0.170000   3.433209787835e-01   2.058141751138e+00   6.812848545519e-01
    0.180000   3.639372050671e-01   2.065150794113e+00   7.225293891417e-01
    0.190000   3.846255050663e-01   2.072575780581e+00   7.625392273975e-01
    0.200000   4.053900003795e-01   2.080408357720e+00   8.021901016683e-01
    0.210000   4.262349073517e-01   2.088630969333e+00   8.432913237902e-01
    0.220000   4.471640957051e-01   2.097261435887e+00   8.840906045636e-01
    0.230000   4.681815548382e-01   2.106305969280e+00   9.240051706488e-01
    0.240000   4.892915061184e-01   2.115747772308e+00   9.647795838819e-01
    0.250000   5.104979111848e-01   2.125596824269e+00   1.005452821018e+00
    0.260000   5.318048109957e-01   2.135855578502e+00   1.045826687500e+00
    0.270000   5.532163463216e-01   2.146516828846e+00   1.086687482872e+00
    0.280000   5.747365349796e-01   2.157586467146e+00   1.127490227284e+00
    0.290000   5.963694307951e-01   2.169067300125e+00   1.168004424584e+00
    0.300000   6.181191833571e-01   2.180952829355e+00   1.208956414980e+00
    0.310000   6.399898680252e-01   2.193244821373e+00   1.250226771675e+00
    0.320000   6.619854822785e-01   2.205953765562e+00   1.290797029591e+00
    0.330000   6.841101648914e-01   2.219076183722e+00   1.331089523854e+00
    0.340000   7.063681666785e-01   2.232597512928e+00   1.372687103444e+00
    0.350000   7.287635577524e-01   2.246522737306e+00   1.415142543653e+00
    0.360000   7.513002386325e-01   2.260875257161e+00   1.456093439562e+00
    0.370000   7.739824385907e-01   2.275644944436e+00   1.496664763912e+00
    0.380000   7.968144520460e-01   2.290815512558e+00   1.538639266258e+00
    0.390000   8.198002294556e-01   2.306407536895e+00   1.579937455581e+00
    0.400000   8.429439782246e-01   2.322415403729e+00   1.621229688712e+00
    0.410000   8.662499083707e-01   2.338834005241e+00   1.663139449153e+00
    0.420000   8.897220900464e-01   2.355673922973e+00   1.704630410417e+00
    0.430000   9.133647410834e-01   2.372930899626e+00   1.746242096785e+00
    0.440000   9.371820737712e-01   2.390602096529e+00   1.788369619943e+00
    0.450000   9.611782236324e-01   2.408693877922e+00   1.830422869428e+00
    0.460000   9.853573217239e-01   2.427214151362e+00   1.871635948034e+00
    0.470000   1.009723696901e+00   2.446150151455e+00   1.913493785226e+00
    0.480000   1.034281615548e+00   2.465496883863e+00   1.956642554924e+00
    0.490000   1.059035207769e+00   2.485265312363e+00   1.999988411780e+00
    0.500000   1.083988533897e+00   2.505475111789e+00   2.041483377726e+00
    0.510000   1.109146040135e+00   2.526104686159e+00   2.083594740700e+00
    0.520000   1.134512032435e+00   2.547148819631e+00   2.127010019312e+00
    0.530000   1.160090557173e+00   2.568632100385e+00   2.169122542073e+00
    0.540000   1.185886043680e+00   2.590537835250e+00   2.211895299469e+00
    0.550000   1.211902755954e+00   2.612868810348e+00   2.255135296673e+00
    0.560000   1.238144887186e+00   2.635636974808e+00   2.297619281840e+00
    0.570000   1.264616846475e+00   2.658831131666e+00   2.340729744280e+00
    0.580000   1.291322949503e+00   2.682451830292e+00   2.384529905128e+00
    0.590000   1.318267375371e+00   2.706516529505e+00   2.427151748757e+00
    0.600000   1.345454476093e+00   2.731024260025e+00   2.468822104278e+00
    0.610000   1.372888881746e+00   2.755943009083e+00   2.513377604904e+00
    0.620000   1.400574886740e+00   2.781280976207e+00   2.560005144150e+00
    0.630000   1.428516446554e+00   2.807087024819e+00   2.603180269858e+00
    0.640000   1.456718151520e+00   2.833337780065e+00   2.645741516108e+00
    0.650000   1.485184608736e+00   2.860009133316e+00   2.690645893478e+00
    0.660000   1.513919940546e+00   2.887135067787e+00   2.734052947409e+00
    0.670000   1.542928743288e+00   2.914695367972e+00   2.778489049573e+00
    0.680000   1.572215357583e+00   2.942701467335e+00   2.822748416438e+00
    0.690000   1.601784242167e+00   2.971152261668e+00   2.867113144818e+00
    0.700000   1.631639873486e+00   3.000046002170e+00   2.911948345816e+00
    0.710000   1.661786699661e+00   3.029385888941e+00   2.957032980069e+00
    0.720000   1.692229318446e+00   3.059158353961e+00   3.004209431662e+00
    0.730000   1.722971973151e+00   3.089395275250e+00   3.049683538820e+00
    0.740000   1.754019063374e+00   3.120110795424e+00   3.091867096565e+00
    0.750000   1.785375288850e+00   3.151283570444e+00   3.133574102454e+00
    0.760000   1.817045574958e+00   3.182865973699e+00   3.180884894417e+00
    0.770000   1.849034062807e+00   3.214909422587e+00   3.227598436873e+00
    0.780000   1.881345295110e+00   3.247417149652e+00   3.273481333032e+00
    0.790000   1.913983907176e+00   3.280382622277e+00   3.319519474503e+00
    0.800000   1.946954496713e+00   3.313805654878e+00   3.365925736303e+00
    0.810000   1.980261655019e+00   3.347688822778e+00   3.412548677701e+00
    0.820000   2.013909875819e+00   3.382049085834e+00   3.457386897222e+00
    0.830000   2.047904049209e+00   3.416854096058e+00   3.504813909978e+00
    0.840000   2.082248628340e+00   3.452130042634e+00   3.551622961956e+00
    0.850000   2.116948212089e+00   3.487886150559e+00   3.596797539927e+00
    0.860000   2.152007798808e+00   3.524081086651e+00   3.645978005419e+00
    0.870000   2.187431617542e+00   3.560777153812e+00   3.691116730648e+00
    0.880000   2.223224756678e+00   3.597924504397e+00   3.739055405594e+00
    0.890000   2.259391815244e+00   3.635540715168e+00   3.787651216685e+00
    0.900000   2.295937241383e+00   3.673665899192e+00   3.831696131437e+00
    0.910000   2.332866422449e+00   3.712215033300e+00   3.882932512739e+00
    0.920000   2.370183420665e+00   3.751285637449e+00   3.928283623990e+00
    0.930000   2.407893516099e+00   3.790810694343e+00   3.977157027376e+00
    0.940000   2.446001299278e+00   3.830820358158e+00   4.025613570766e+00
    0.950000   2.484511537412e+00   3.871322480580e+00   4.072793114831e+00
    0.960000   2.523429275426e+00   3.912288553501e+00   4.122899686093e+00
    0.970000   2.562759027506e+00   3.953766743169e+00   4.169394838848e+00
    0.980000   2.602506079454e+00   3.995698596782e+00   4.220787685366e+00
    0.990000   2.642674825417e+00   4.038154813701e+00   4.267236578601e+00
    1.000000   2.683270639149e+00   4.081068193893e+00   4.318629690510e+00
    1.010000   2.724298050742e+00   4.124495655111e+00   4.366981332523e+00
    1.020000   2.765762137745e+00   4.168417060351e+00   4.415467637226e+00
    1.030000   2.807668002447e+00   4.212811176804e+00   4.467445048819e+00
    1.040000   2.850020171311e+00   4.257743920333e+00   4.513458262360e+00
    1.050000   2.892824243347e+00   4.303125124521e+00   4.567116737491e+00
    1.060000   2.936084557750e+00   4.349054589527e+00   4.613814238714e+00
    1.070000   2.979806736369e+00   4.395442761768e+00   4.667238523178e+00
    1.080000   3.023995271980e+00   4.442372799109e+00   4.715105406965e+00
    1.090000   3.068655691590e+00   4.489773660425e+00   4.768484552667e+00
    1.100000   3.113792617085e+00   4.537715334372e+00   4.816925935645e+00
    1.110000   3.159411551780e+00   4.586134808035e+00   4.870432496215e+00
    1.120000   3.205517216571e+00   4.635093292382e+00   4.919760530998e+00
    1.130000   3.252115028700e+00   4.684545878501e+00   4.972230128311e+00
    1.140000   3.299209958620e+00   4.734521002366e+00   5.023630572479e+00
    1.150000   3.346807177655e+00   4.785017863518e+00   5.074394251058e+00
    1.160000   3.394911980281e+00   4.836019304321e+00   5.127526991322e+00
    1.170000   3.443529374881e+00   4.887556527439e+00   5.178343032647e+00
    1.180000   3.492664757421e+00   4.939601649864e+00   5.231613859292e+00
    1.190000   3.542323214616e+00   4.992179478255e+00   5.283642010571e+00
    1.200000   3.592510077874e+00   5.045278397927e+00   5.336598774745e+00
    1.210000   3.643230575985e+00   5.098906210293e+00   5.389540513076e+00
    1.220000   3.694490002506e+00   5.153063621006e+00   5.442625976258e+00
    1.230000   3.746293653336e+00   5.207753545975e+00   5.495714667680e+00
    1.240000   3.798646877744e+00   5.262973638207e+00   5.549484939899e+00
    1.250000   3.851554961715e+00   5.318734906238e+00   5.602423351459e+00
    1.260000   3.905023333594e+00   5.375027914913e+00   5.656426553414e+00
    1.270000   3.959057339670e+00   5.431859907989e+00   5.710620258936e+00
    1.280000   4.013662333357e+00   5.489240887490e+00   5.763558324978e+00
    1.290000   4.068843885869e+00   5.547145605838e+00   5.820018698608e+00
    1.300000   4.124607168722e+00   5.605622774513e+00   5.871757774347e+00
    1.310000   4.180957997231e+00   5.664610521181e+00   5.930072991484e+00
    1.320000   4.237901404525e+00   5.724189609831e+00   5.980922517433e+00
    1.330000   4.295443395913e+00   5.784270232774e+00   6.040753780210e+00
    1.340000   4.353588915905e+00   5.844957206708e+00   6.091001225338e+00
    1.350000   4.412344091584e+00   5.906144452819e+00   6.151281789033e+00
    1.360000   4.471713928601e+00   5.967933977247e+00   6.203321864382e+00
    1.370000   4.531704411231e+00   6.030251976651e+00   6.261023944126e+00
    1.380000   4.592320928008e+00   6.093137751934e+00   6.317530990850e+00
    1.390000   4.653569055287e+00   6.156600177689e+00   6.371484298686e+00
    1.400000   4.715454666023e+00   6.220595340454e+00   6.431558961736e+00
    1.410000   4.777983040071e+00   6.285195622903e+00   6.484403221164e+00
    1.420000   4.841160262085e+00   6.350323882231e+00   6.545101168584e+00
    1.430000   4.904991645885e+00   6.416054246881e+00   6.599829098047e+00
    1.440000   4.969483144545e+00   6.482341954508e+00   6.657565618127e+00
    1.450000   5.034640443542e+00   6.549197138872e+00   6.716796167720e+00
    1.460000   5.100469099968e+00   6.616660046431e+00   6.769941363935e+00
    1.470000   5.166975276483e+00   6.684654603320e+00   6.832445824608e+00
    1.480000   5.234164357211e+00   6.753263278454e+00   6.888353503343e+00
    1.490000   5.302042368134e+00   6.822444923925e+00   6.946224662276e+00
    1.500000   5.370615180224e+00   6.892192632125e+00   7.007932106934e+00
    1.510000   5.439888359458e+00   6.962566253934e+00   7.061667374282e+00
    1.520000   5.509868199567e+00   7.033480706530e+00   7.125247301091e+00
    1.530000   5.580560207575e+00   7.105016436820e+00   7.182574772843e+00
    1.540000   5.651970427087e+00   7.177148002057e+00   7.239236911068e+00
    1.550000   5.724104966939e+00   7.249839294328e+00   7.303263629101e+00
    1.560000   5.796969441896e+00   7.323162677362e+00   7.359869555646e+00
    1.570000   5.870570051632e+00   7.397071475193e+00   7.419287298707e+00
    1.580000   5.944912814199e+00   7.471561024544e+00   7.483019528504e+00
    1.590000   6.020003497018e+00   7.546685338239e+00   7.539874041247e+00
    1.600000   6.095848369791e+00   7.622394488400e+00   7.601028444877e+00
    1.610000   6.172453453183e+00   7.698696091466e+00   7.665355719585e+00
    1.620000   6.249824550104e+00   7.775651006383e+00   7.719867503639e+00
    1.630000   6.327968145342e+00   7.853173667147e+00   7.783870697412e+00
    1.640000   6.406890142808e+00   7.931311172371e+00   7.847453348069e+00
    1.650000   6.486596580598e+00   8.010086098848e+00   7.905945187302e+00
    1.660000   6.567093761541e+00   8.089465797918e+00   7.967108780804e+00
    1.670000   6.648387897760e+00   8.169441966201e+00   8.033363480546e+00
    1.680000   6.730484941959e+00   8.250070595137e+00   8.092361505130e+00
    1.690000   6.813391256899e+00   8.331318544301e+00   8.152091994248e+00
    1.700000   6.897113208822e+00   8.413155337306e+00   8.220156250884e+00
    1.710000   6.981656754678e+00   8.495650904252e+00   8.280745849379e+00
    1.720000   7.067028279198e+00   8.578780187254e+00   8.340095142999e+00
    1.730000   7.153234199046e+00   8.662514476557e+00   8.405485987950e+00
    1.740000   7.240280731432e+00   8.746876866372e+00   8.471988115490e+00
    1.750000   7.328174086821e+00   8.831897545233e+00   8.532793890736e+00
    1.760000   7.416920702619e+00   8.917557013927e+00   8.592999029312e+00
    1.770000   7.506527113871e+00   9.003815916019e+00   8.662707772144e+00
    1.780000   7.596999446320e+00   9.090739803125e+00   8.726443901859e+00
    1.790000   7.688344154910e+00   9.178318986833e+00   8.786960357942e+00
    1.800000   7.780567765423e+00   9.266530522192e+00   8.850408909821e+00
    1.810000   7.873676746871e+00   9.355370092851e+00   8.918413626713e+00
    1.820000   7.967677482296e+00   9.444859821338e+00   8.985978472634e+00
    1.830000   8.062576358579e+00   9.535026558541e+00   9.046721785642e+00
    1.840000   8.158380002712e+00   9.625841007820e+00   9.108522905906e+00
    1.850000   8.255095048507e+00   9.717276245313e+00   9.178831761488e+00
    1.860000   8.352727861771e+00   9.809379367917e+00   9.246094478762e+00
    1.870000   8.451285016727e+00   9.902149072193e+00   9.311084963307e+00
    1.880000   8.550773103976e+00   9.995584717433e+00   9.374418871012e+00
    1.890000   8.651198760492e+00   1.008967835442e+01   9.438676038432e+00
    1.900000   8.752568688310e+00   1.018440949421e+01   9.509835549578e+00
    1.910000   8.854889394605e+00   1.027981449878e+01   9.578792899915e+00
    1.920000   8.958167492550e+00   1.037590724272e+01   9.642251055255e+00
    1.930000   9.062409748013e+00   1.047266523666e+01   9.706724973360e+00
    1.940000   9.167622859898e+00   1.057008890437e+01   9.772626201868e+00
    1.950000   9.273813558607e+00   1.066817514970e+01   9.841339533446e+00
    1.960000   9.380988577411e+00   1.076692505833e+01   9.913141647600e+00
    1.970000   9.489154594986e+00   1.086636015993e+01   9.982607816598e+00
    1.980000   9.598318339381e+00   1.096649397870e+01   1.004639672515e+01
    1.990000   9.708486691163e+00   1.106730216803e+01   1.011179635094e+01
    2.000000   9.819666461719e+00   1.116878465754e+01   1.017936603826e+01
    2.010000   9.931864458740e+00   1.127094762775e+01   1.024789834866e+01
    2.020000   1.004508754370e+01   1.137378712165e+01   1.031906612852e+01
    2.030000   1.015934256694e+01   1.147730744802e+01   1.039220436994e+01
    2.040000   1.027463633234e+01   1.158153192887e+01   1.046106883211e+01
    2.050000   1.039097575979e+01   1.168645559319e+01   1.052755521401e+01
    2.060000   1.050836781306e+01   1.179206544826e+01   1.059596648718e+01
    2.070000   1.062681940422e+01   1.189836880726e+01   1.066468968505e+01
    2.080000   1.074633745661e+01   1.200537505043e+01   1.073145761909e+01
    2.090000   1.086692897478e+01   1.211307462599e+01   1.079962780753e+01
    2.100000   1.098860097753e+01   1.222145868554e+01   1.087240692192e+01
    2.110000   1.111136040534e+01   1.233054722813e+01   1.094432882208e+01
    2.120000   1.123521427474e+01   1.244034262351e+01   1.101517826519e+01
    2.130000   1.136016964171e+01   1.255084034696e+01   1.108684558916e+01
    2.140000   1.148623356800e+01   1.266203923549e+01   1.116023236510e+01
    2.150000   1.161341309698e+01   1.277394909919e+01   1.123284426758e+01
    2.160000   1.174171528000e+01   1.288658285322e+01   1.130113682541e+01
    2.170000   1.187114727687e+01   1.299992459729e+01   1.137056405755e+01
    2.180000   1.200171621864e+01   1.311397232023e+01   1.144229274107e+01
    2.190000   1.213342922403e+01   1.322873312909e+01   1.151462717912e+01
    2.200000   1.226629342385e+01   1.334421568063e+01   1.158533223709e+01
    2.210000   1.240031597205e+01   1.346042666191e+01   1.165274459601e+01
    2.220000   1.253550411758e+01   1.357734727540e+01   1.172341349302e+01
    2.230000   1.267186506695e+01   1.369497726674e+01   1.179797063332e+01
    2.240000   1.280940599423e+01   1.381333209831e+01   1.187194730367e+01
    2.250000   1.294813412058e+01   1.393241724451e+01   1.194405691011e+01
    2.260000   1.308805668332e+01   1.405223818214e+01   1.201297224823e+01
    2.270000   1.322918098897e+01   1.417278265233e+01   1.208323504443e+01
    2.280000   1.337151435487e+01   1.429403958510e+01   1.215905102759e+01
    2.290000   1.351506402980e+01   1.441602577427e+01   1.223537593543e+01
    2.300000   1.365983730423e+01   1.453874927518e+01   1.231001956772e+01
    2.310000   1.380584149566e+01   1.466221430565e+01   1.238202975835e+01
    2.320000   1.395308395046e+01   1.478642047420e+01   1.245200210428e+01
    2.330000   1.410157208575e+01   1.491134804046e+01   1.252717708642e+01
    2.340000   1.425131324517e+01   1.503700718267e+01   1.260460318195e+01
    2.350000   1.440231478390e+01   1.516340917226e+01   1.268091916807e+01
    2.360000   1.455458411385e+01   1.529055072771e+01   1.275775691853e+01
    2.370000   1.470812862240e+01   1.541844221442e+01   1.283197990678e+01
    2.380000   1.486295574030e+01   1.554708398568e+01   1.290390703079e+01
    2.390000   1.501907293686e+01   1.567646728024e+01   1.297709812365e+01
    2.400000   1.517648766148e+01   1.580659511199e+01   1.305097162811e+01
    2.410000   1.533520738855e+01   1.593746655621e+01   1.312635937236e+01
    2.420000   1.549523959302e+01   1.606908533659e+01   1.320244141538e+01
    2.430000   1.565659172570e+01   1.620146894576e+01   1.327338057505e+01
    2.440000   1.581927134880e+01   1.633459934080e+01   1.334610630891e+01
    2.450000   1.598328600778e+01   1.646846875684e+01   1.342392131487e+01
    2.460000   1.614864318479e+01   1.660309726127e+01   1.350005907370e+01
    2.470000   1.631535041960e+01   1.673848894187e+01   1.357345322072e+01
    2.480000   1.648341532610e+01   1.687462526677e+01   1.365136783669e+01
    2.490000   1.665284544621e+01   1.701151843181e+01   1.372977628806e+01
    2.500000   1.682364833895e+01   1.714917889231e+01   1.380524604197e+01
    2.510000   1.699583162680e+01   1.728759814999e+01   1.388137713850e+01
    2.520000   1.716940290261e+01   1.742678328401e+01   1.395598016798e+01
    2.530000   1.734436976653e+01   1.756674337260e+01   1.402602485159e+01
    2.540000   1.752073996550e+01   1.770743596026e+01   1.410794073999e+01
    2.550000   1.769852105385e+01   1.784889545014e+01   1.418925803040e+01
    2.560000   1.787772069591e+01   1.799111920891e+01   1.427142051709e+01
    2.570000   1.805834651252e+01   1.813412584260e+01   1.434768793268e+01
    2.580000   1.824040616869e+01   1.827792151518e+01   1.441604398688e+01
    2.590000   1.842390744269e+01   1.842247195186e+01   1.449005147505e+01
    2.600000   1.860885802624e+01   1.856778050726e+01   1.456887579468e+01
    2.610000   1.879526558408e+01   1.871386525392e+01   1.464595730512e+01
    2.620000   1.898313786342e+01   1.886071654208e+01   1.472544650949e+01
    2.630000   1.917248256236e+01   1.900834752605e+01   1.480259290093e+01
    2.640000   1.936330741651e+01   1.915676038687e+01   1.487686490075e+01
    2.650000   1.955562019162e+01   1.930594943638e+01   1.495088186281e+01
    2.660000   1.974942864105e+01   1.945591786873e+01   1.502376084973e+01
    2.670000   1.994474063421e+01   1.960662621583e+01   1.511162972656e+01
    2.680000   2.014156379756e+01   1.975813546628e+01   1.519053307416e+01
    2.690000   2.033990594640e+01   1.991043479416e+01   1.526510277017e+01
    2.700000   2.053977488187e+01   2.006352285380e+01   1.533620374525e+01
    2.710000   2.074117847300e+01   2.021737448034e+01   1.541435282665e+01
    2.720000   2.094412455646e+01   2.037198048315e+01   1.550366397300e+01
    2.730000   2.114862080379e+01   2.052740217647e+01   1.557958109226e+01
    2.740000   2.135467510893e+01   2.068361398429e+01   1.565277803185e+01
    2.750000   2.156229530823e+01   2.084061728001e+01   1.572299980808e+01
    2.760000   2.177148939643e+01   2.099835118112e+01   1.581561172010e+01
    2.770000   2.198226501029e+01   2.115690512791e+01   1.589413658507e+01
    2.780000   2.219463007071e+01   2.131625457181e+01   1.596893784516e+01
    2.790000   2.240859244940e+01   2.147639853152e+01   1.604069482909e+01
    2.800000   2.262416013406e+01   2.163729068515e+01   1.612902040449e+01
    2.810000   2.284134086286e+01   2.179899120924e+01   1.620912765634e+01
    2.820000   2.306014255290e+01   2.196148832566e+01   1.628613785913e+01
    2.830000   2.328057313206e+01   2.212476854230e+01   1.636600734968e+01
    2.840000   2.350264050732e+01   2.228883011202e+01   1.644975814074e+01
    2.850000   2.372635251295e+01   2.245370449123e+01   1.652440052212e+01
    2.860000   2.395171714663e+01   2.261935589235e+01   1.660518492291e+01
    2.870000   2.417874233691e+01   2.278578029729e+01   1.669418858587e+01
    2.880000   2.440743593105e+01   2.295301106686e+01   1.677746987018e+01
    2.890000   2.463780577225e+01   2.312108663023e+01   1.683877275736e+01
    2.900000   2.486986004543e+01   2.328989945525e+01   1.692418171063e+01
    2.910000   2.510360656734e+01   2.345950236018e+01   1.701144727498e+01
    2.920000   2.533905323808e+01   2.362991487938e+01   1.709242105801e+01
    2.930000   2.557620792090e+01   2.380117549032e+01   1.715054039764e+01
    2.940000   2.581507887078e+01   2.397315365501e+01   1.724229274096e+01
    2.950000   2.605567378968e+01   2.414595992268e+01   1.732022162870e+01
    2.960000   2.629800066207e+01   2.431958503901e+01   1.738843575831e+01
    2.970000   2.654206758112e+01   2.449397420026e+01   1.747087911026e+01
    2.980000   2.678788246957e+01   2.466914762788e+01   1.755890899699e+01
    2.990000   2.703545320932e+01   2.484514475306e+01   1.763550277157e+01
    3.000000   2.728478785721e+01   2.502193040194e+01   1.771614216297e+01
    3.010000   2.753589440355e+01   2.519950017506e+01   1.780291208316e+01
    3.020000   2.778878072150e+01   2.537790177379e+01   1.787503617485e+01
    3.030000   2.804345495556e+01   2.555706454511e+01   1.796351221017e+01
    3.040000   2.829992503002e+01   2.573701576547e+01   1.805663310863e+01
    3.050000   2.855819875198e+01   2.591783638978e+01   1.811874268873e+01
    3.060000   2.881828435688e+01   2.609941897830e+01   1.819722121826e+01
    3.070000   2.908018977077e+01   2.628179209194e+01   1.827958982889e+01
    3.080000   2.934392291686e+01   2.646498738109e+01   1.835195865994e+01
    3.090000   2.960949181317e+01   2.664899556085e+01   1.841847187677e+01
    3.100000   2.987690465519e+01   2.683372844347e+01   1.851822961448e+01
    3.110000   3.014616915553e+01   2.701931245579e+01   1.859523508244e+01
    3.120000   3.041729347670e+01   2.720567474062e+01   1.868185734522e+01
    3.130000   3.069028556814e+01   2.739283779078e+01   1.876813834624e+01
    3.140000   3.096515332322e+01   2.758084952221e+01   1.883281699690e+01
    3.150000   3.124190497317e+01   2.776960618895e+01   1.892190824282e+01
    3.160000   3.152054838717e+01   2.795916592054e+01   1.900967196517e+01
    3.170000   3.180109144331e+01   2.814958332171e+01   1.907177094292e+01
    3.180000   3.208354238559e+01   2.834074975654e+01   1.915646691920e+01
    3.190000   3.236790907504e+01   2.853272586761e+01   1.923677718360e+01
    3.200000   3.265419948763e+01   2.872552146347e+01   1.930828694278e+01
    3.210000   3.294242171131e+01   2.891909620850e+01   1.938893003815e+01
    3.220000   3.323258373288e+01   2.911345415259e+01   1.947690665098e+01
    3.230000   3.352469347674e+01   2.930862627364e+01   1.955820303849e+01
    3.240000   3.381875903564e+01   2.950456763803e+01   1.965285110467e+01
    3.250000   3.411478825863e+01   2.970134163431e+01   1.973253930780e+01
    3.260000   3.441278910409e+01   2.989896267710e+01   1.979068855409e+01
    3.270000   3.471276982041e+01   3.009731299344e+01   1.987966907095e+01
    3.280000   3.501473816929e+01   3.029649183983e+01   1.995520271203e+01
    3.290000   3.531870212015e+01   3.049650488406e+01   2.001467525790e+01
    3.300000   3.562466994769e+01   3.069722050323e+01   2.011645971516e+01
    3.310000   3.593264928859e+01   3.089878943344e+01   2.019337844854e+01
    3.320000   3.624264827765e+01   3.110113936466e+01   2.027742233956e+01
    3.330000   3.655467487719e+01   3.130427342824e+01   2.036705788879e+01
    3.340000   3.686873690075e+01   3.150825955500e+01   2.043207273633e+01
    3.350000   3.718484253618e+01   3.171299702491e+01   2.051679053338e+01
    3.360000   3.750299966263e+01   3.191852063261e+01   2.060565604248e+01
    3.370000   3.782321614275e+01   3.212487055625e+01   2.068081789056e+01
    3.380000   3.814549993647e+01   3.233204251558e+01   2.074393351675e+01
    3.390000   3.846985919059e+01   3.253994703600e+01   2.083415276730e+01
    3.400000   3.879630161689e+01   3.274868435586e+01   2.090723600516e+01
    3.410000   3.912483519288e+01   3.295823579732e+01   2.097121773022e+01
    3.420000   3.945546808031e+01   3.316850011495e+01   2.107009930413e+01
    3.430000   3.978820790685e+01   3.337960687008e+01   2.114701764309e+01
    3.440000   4.012306274296e+01   3.359148979381e+01   2.123061480300e+01
    3.450000   4.046004050210e+01   3.380414883177e+01   2.132064738565e+01
    3.460000   4.079914895587e+01   3.401764293811e+01   2.139137740142e+01
    3.470000   4.114039611918e+01   3.423192257245e+01   2.146397972029e+01
    3.480000   4.148378996711e+01   3.444695314333e+01   2.155298380757e+01
    3.490000   4.182933830267e+01   3.466277145526e+01   2.164226917494e+01
    3.500000   4.217704882443e+01   3.487945575854e+01   2.169818593582e+01
    3.510000   4.252692973697e+01   3.509686513455e+01   2.178057551539e+01
    3.520000   4.287898876733e+01   3.531505943563e+01   2.186356601966e+01
    3.530000   4.323323373782e+01   3.553405480766e+01   2.194003932868e+01
    3.540000   4.358967244447e+01   3.575387509979e+01   2.199973573834e+01
    3.550000   4.394831302812e+01   3.597439619680e+01   2.209441354587e+01
    3.560000   4.430916304497e+01   3.619573607927e+01   2.217421342088e+01
    3.570000   4.467223036397e+01   3.641787801936e+01   2.224591059573e+01
    3.580000   4.503752280566e+01   3.664082213727e+01   2.230922084857e+01
    3.590000   4.540504842653e+01   3.686446811535e+01   2.240510695700e+01
    3.600000   4.577481475539e+01   3.708892953099e+01   2.248636042408e+01
    3.610000   4.614682962313e+01   3.731419164519e+01   2.255880814932e+01
    3.620000   4.652110083295e+01   3.754024749882e+01   2.262503942687e+01
    3.630000   4.689763631304e+01   3.776703635970e+01   2.270919141113e+01
    3.640000   4.727644375855e+01   3.799458805114e+01   2.279869819649e+01
    3.650000   4.765753079908e+01   3.822295428025e+01   2.287253371457e+01
    3.660000   4.804090526074e+01   3.845210412384e+01   2.294279158617e+01
    3.670000   4.842657488135e+01   3.868203805406e+01   2.300895863707e+01
    3.680000   4.881454760503e+01   3.891267223030e+01   2.310339502301e+01
    3.690000   4.920483089320e+01   3.914410775425e+01   2.318605115858e+01
    3.700000   4.959743249073e+01   3.937633048871e+01   2.326216810579e+01
    3.710000   4.999236013791e+01   3.960932422409e+01   2.333764680120e+01
    3.720000   5.038962146203e+01   3.984311174556e+01   2.340348003605e+01
    3.730000   5.078922433266e+01   4.007762011454e+01   2.348687196271e+01
    3.740000   5.119117630921e+01   4.031289025647e+01   2.357175561918e+01
    3.750000   5.159548503755e+01   4.054892584157e+01   2.365628195034e+01
    3.760000   5.200215813566e+01   4.078573618613e+01   2.373665309936e+01
    3.770000   5.241120316196e+01   4.102334710471e+01   2.380326460857e+01
    3.780000   5.282262785439e+01   4.126171572716e+01   2.387136396403e+01
    3.790000   5.323643985523e+01   4.150083038832e+01   2.394467237758e+01
    3.800000   5.365264671498e+01   4.174070768677e+01   2.401677326627e+01
    3.810000   5.407125602558e+01   4.198134481128e+01   2.408823465665e+01
    3.820000   5.449227539539e+01   4.222272910404e+01   2.416300944882e+01
    3.830000   5.491571244102e+01   4.246484123654e+01   2.424722133262e+01
    3.840000   5.534157460257e+01   4.270771843572e+01   2.432753050739e+01
    3.850000   5.576986939929e+01   4.295136544459e+01   2.440205030154e+01
    3.860000   5.620060432092e+01   4.319579173654e+01   2.446746911519e+01
    3.870000   5.663378702841e+01   4.344094670343e+01   2.454004098877e+01
    3.880000   5.706942505199e+01   4.368681972550e+01   2.462255798028e+01
    3.890000   5.750752575053e+01   4.393345081210e+01   2.470154857908e+01
    3.900000   5.794809657455e+01   4.418084519769e+01   2.477506930281e+01
    3.910000   5.839114495037e+01   4.442901053886e+01   2.484058060201e+01
    3.920000   5.883667847794e+01   4.467789743113e+01   2.491289171416e+01
    3.930000   5.928470459598e+01   4.492750301254e+01   2.499218976312e+01
    3.940000   5.973523062252e+01   4.517785568950e+01   2.506943282961e+01
    3.950000   6.018826397632e+01   4.542894947936e+01   2.514599637786e+01
    3.960000   6.064381209786e+01   4.568076844612e+01   2.522594601014e+01
    3.970000   6.110188232478e+01   4.593332218714e+01   2.530595920541e+01
    3.980000   6.156248180538e+01   4.618666549917e+01   2.537088621627e+01
    3.990000   6.202561806496e+01   4.644074572427e+01   2.543513886633e+01
    4.000000   6.249129855783e+01   4.669552920065e+01   2.550715614675e+01
    4.010000   6.295953056489e+01   4.695102462153e+01   2.558391711800e+01
    4.020000   6.343032138869e+01   4.720723131643e+01   2.566480021687e+01
    4.030000   6.390367818089e+01   4.746418175463e+01   2.574112336285e+01
    4.040000   6.437960794961e+01   4.772193339115e+01   2.579943013760e+01
    4.050000   6.485811851032e+01   4.798035021446e+01   2.587196492278e+01
    4.060000   6.533921706873e+01   4.823944244806e+01   2.595506145191e+01
    4.070000   6.582291039300e+01   4.849931129243e+01   2.602525461511e+01
    4.080000   6.630920576059e+01   4.875993492401e+01   2.608807366601e+01
    4.090000   6.679811089733e+01   4.902119921192e+01   2.616723526527e+01
    4.100000   6.728963257243e+01   4.928319142908e+01   2.624328710160e+01
    4.110000   6.778377747405e+01   4.954599548656e+01   2.630051142482e+01
    4.120000   6.828055402028e+01   4.980936687982e+01   2.638546221379e+01
    4.130000   6.877996799323e+01   5.007355705125e+01   2.645011631707e+01
    4.140000   6.928202720165e+01   5.033843113891e+01   2.651974449957e+01
    4.150000   6.978673893097e+01   5.060396340207e+01   2.659713759841e+01
    4.160000   7.029410924508e+01   5.087030938005e+01   2.665754733907e+01
    4.170000   7.080414684143e+01   5.113721792103e+01   2.673927585412e+01
    4.180000   7.131685668432e+01   5.140498993306e+01   2.679786583092e+01
    4.190000   7.183224819541e+01   5.167329293811e+01   2.687920827721e+01
    4.200000   7.235032571606e+01   5.194246930624e+01   2.693860901168e+01
    4.210000   7.287109909307e+01   5.221217554828e+01   2.701715077742e+01
    4.220000   7.339457249324e+01   5.248271610917e+01   2.708115842586e+01
    4.230000   7.392075514622e+01   5.275386882915e+01   2.715226315989e+01
    4.240000   7.444965297047e+01   5.302571151861e+01   2.722371301974e+01
    4.250000   7.498127161441e+01   5.329835039075e+01   2.728762688480e+01
    4.260000   7.551562195511e+01   5.357152780517e+01   2.735824473312e+01
    4.270000   7.605270627457e+01   5.384546023561e+01   2.742772138378e+01
    4.280000   7.659253216409e+01   5.412013325702e+01   2.749650852167e+01
    4.290000   7.713511105872e+01   5.439547920802e+01   2.755837500785e+01
    4.300000   7.768044543871e+01   5.467142089368e+01   2.762345285777e+01
    4.310000   7.822854033727e+01   5.494794795025e+01   2.769879827250e+01
    4.320000   7.877940559456e+01   5.522532138140e+01   2.777218403154e+01
    4.330000   7.933304904081e+01   5.550347962560e+01   2.783729578863e+01
    4.340000   7.988947638650e+01   5.578211234769e+01   2.789922429270e+01
    4.350000   8.044869322006e+01   5.606134083184e+01   2.796773963572e+01
    4.360000   8.101070602451e+01   5.634149410838e+01   2.804618565481e+01
    4.370000   8.157552401647e+01   5.662232202738e+01   2.811288017301e+01
    4.380000   8.214315415692e+01   5.690364622426e+01   2.816572317880e+01
    4.390000   8.271359980436e+01   5.718557922820e+01   2.823283449866e+01
    4.400000   8.328686483942e+01   5.746833591659e+01   2.833464028335e+01
    4.410000   8.386296395135e+01   5.775197226595e+01   2.841627035723e+01
    4.420000   8.444190725569e+01   5.803633880011e+01   2.845068032722e+01
    4.430000   8.502369751629e+01   5.832107072155e+01   2.845568732184e+01
    4.440000   8.560833106089e+01   5.860573818990e+01   2.848417505210e+01
    4.450000   8.619581071403e+01   5.889071400329e+01   2.853953563685e+01
    4.460000   8.678614598616e+01   5.917642383433e+01   2.861057566609e+01
    4.470000   8.737934507286e+01   5.946314098980e+01   2.871211976838e+01
    4.480000   8.797541556972e+01   5.975110243008e+01   2.888607022785e+01
    4.490000   8.857437475427e+01   6.004128809680e+01   2.918716228551e+01
    4.500000   8.917625576036e+01   6.033588513552e+01   2.981411947092e+01
    4.510000   8.978112637382e+01   6.064123772239e+01   3.167400493623e+01
    4.520000   9.038924439056e+01   6.100828673999e+01   5.048262887089e+01
    4.530000   9.100279094660e+01   6.173591323277e+01   7.686237254381e+01
    4.540000   9.162394809095e+01   6.249073061239e+01   7.402810636298e+01
    4.550000   9.225249944240e+01   6.321345578987e+01   7.033264374632e+01
    4.560000   9.288806993985e+01   6.389129810246e+01   6.466747638045e+01
    4.570000   9.353002382067e+01   6.446738696336e+01   4.265806125611e+01
    4.580000   9.417581207354e+01   6.464722253443e+01   1.211459601094e+01
    4.590000   9.482289663758e+01   6.477035588156e+01   1.251929339393e+01
    4.600000   9.547123285513e+01   6.489757604123e+01   1.292870010614e+01
    4.610000   9.612086214681e+01   6.502899762552e+01   1.335428357286e+01
    4.620000   9.677182722482e+01   6.516476146640e+01   1.379354977435e+01
    4.630000   9.742417225326e+01   6.530501643647e+01   1.425154596572e+01
    4.640000   9.807794302133e+01   6.544992383427e+01   1.473834157771e+01
    4.650000   9.873318708717e+01   6.559971312904e+01   1.522651462010e+01
    4.660000   9.938995418353e+01   6.575456303679e+01   1.575536875534e+01
    4.670000   1.000482963321e+02   6.591477723106e+01   1.629553920525e+01
    4.680000   1.007082684807e+02   6.608062868159e+01   1.687740464606e+01
    4.690000   1.013699289046e+02   6.625249296455e+01   1.750426910877e+01
    4.700000   1.020333400171e+02   6.643084336350e+01   1.818135495037e+01
    4.710000   1.026985694688e+02   6.661629922766e+01   1.891993268916e+01
    4.720000   1.033656921191e+02   6.680963677415e+01   1.976681736437e+01
    4.730000   1.040347926901e+02   6.701211445262e+01   2.076579798562e+01
    4.740000   1.047059719717e+02   6.722585567832e+01   2.204862418208e+01
    4.750000   1.053793622808e+02   6.745563771994e+01   2.414658305042e+01
    4.760000   1.060552055522e+02   6.772772134742e+01   3.503626971849e+01
    4.770000   1.067364447485e+02   6.863704245355e+01   1.060830963643e+02
    4.780000   1.074280885350e+02   6.968854279440e+01   1.041921959111e+02
    4.790000   1.081301487590e+02   7.071996256474e+01   1.020516325282e+02
    4.800000   1.088424124746e+02   7.172877968359e+01   9.963309431153e+01
    4.810000   1.095646380043e+02   7.271167323771e+01   9.686312719078e+01
    4.820000   1.102965442335e+02   7.366395426565e+01   9.346882083234e+01
    4.830000   1.110377895624e+02   7.457774591168e+01   8.902722850903e+01
    4.840000   1.117879153883e+02   7.543501985911e+01   8.141009535593e+01
    4.850000   1.125457678653e+02   7.599006613914e+01   5.446576063182e+00
    4.860000   1.133059399320e+02   7.604480886605e+01   5.620738439695e+00
    4.870000   1.140666742497e+02   7.610257108949e+01   5.930393921105e+00
    4.880000   1.148280017335e+02   7.616345163580e+01   6.240281077499e+00
    4.890000   1.155899537881e+02   7.622749355756e+01   6.562709713103e+00
    4.900000   1.163525623113e+02   7.629475231627e+01   6.888184311901e+00
    4.910000   1.171158597334e+02   7.636528288204e+01   7.217017932801e+00
    4.920000   1.178798790522e+02   7.643914432135e+01   7.549123894516e+00
    4.930000   1.186446538762e+02   7.651639547075e+01   7.893860130798e+00
    4.940000   1.194102184653e+02   7.659710772381e+01   8.244394807631e+00
    4.950000   1.201766077863e+02   7.668135506065e+01   8.600302900610e+00
    4.960000   1.209438575735e+02   7.676921127433e+01   8.972901239920e+00
    4.970000   1.217120043817e+02   7.686077382740e+01   9.342732627651e+00
    4.980000   1.224810856834e+02   7.695612354198e+01   9.735179453185e+00
    4.990000   1.232511399279e+02   7.705537469939e+01   1.013269111928e+01
    5.000000   1.240222066586e+02   7.715864468963e+01   1.053268437326e+01

Табличный вид решения (первые строки показаны в окне, вся таблица доступна прокруткой):
     t              x1                   x2                   x3        
    ____    __________________    ________________    __________________

       0                     0    2.00006666683333    0.0200002499975316
    0.01    0.0200020689665096    2.00039309428151    0.0473535305661539
    0.02    0.0400089371092091     2.0010395294023    0.0827005923032011
    0.03     0.060024097553705    2.00205665785569      0.12098387394295
    0.04     0.080051366669237    2.00346295490297      0.16036693998075
    0.05     0.100094677743239     2.0052653132396     0.200171566966504
    0.06     0.120158003011637    2.00746684604219     0.240098592316875
    0.07     0.140245343902514    2.01006787107009     0.280129277092784
    0.08     0.160360696239298    2.01306941252847      0.32017658509448
    0.09      0.18050806081889    2.01647216350186     0.360188418478457
     0.1     0.200691463860632    2.02027442720264     0.400352701797144
    0.11     0.220914897711062    2.02447812481841     0.440498917002806
    0.12     0.241182350251619    2.02908586356398     0.480389669361344
    0.13     0.261497889025727    2.03409245051915     0.520568299001291
    0.14      0.28186553641323    2.03949749883055     0.561100397883848
    0.15     0.302289239009485    2.04530853123714     0.601263194419015
    0.16      0.32277299470845    2.05152823493347     0.640817232195494
    0.17      0.34332097878346    2.05814175113795     0.681284854551879
    0.18     0.363937205067144     2.0651507941133     0.722529389141732
    0.19     0.384625505066285     2.0725757805815     0.762539227397451
     0.2     0.405390000379547    2.08040835772022     0.802190101668336
    0.21     0.426234907351682    2.08863096933311     0.843291323790211
    0.22     0.447164095705124    2.09726143588707     0.884090604563594
    0.23     0.468181554838243    2.10630596927995       0.9240051706488
    0.24     0.489291506118385    2.11574777230775      0.96477958388186
    0.25     0.510497911184787    2.12559682426923      1.00545282101759
    0.26     0.531804810995698    2.13585557850235      1.04582668750037
    0.27     0.553216346321603    2.14651682884584      1.08668748287223
    0.28     0.574736534979619    2.15758646714605      1.12749022728443
    0.29     0.596369430795135    2.16906730012541      1.16800442458413
     0.3     0.618119183357141    2.18095282935513      1.20895641498043
    0.31     0.639989868025221    2.19324482137337      1.25022677167455
    0.32     0.661985482278515    2.20595376556174      1.29079702959079
    0.33     0.684110164891425     2.2190761837219      1.33108952385356
    0.34     0.706368166678459    2.23259751292822      1.37268710344445
    0.35     0.728763557752432    2.24652273730565       1.4151425436534
    0.36     0.751300238632483    2.26087525716057      1.45609343956173
    0.37     0.773982438590741    2.27564494443645      1.49666476391198
    0.38      0.79681445204603    2.29081551255817      1.53863926625801
    0.39     0.819800229455555    2.30640753689527      1.57993745558144
     0.4     0.842943978224578    2.32241540372935      1.62122968871235
    0.41     0.866249908370715     2.3388340052412      1.66313944915315
    0.42      0.88972209004639    2.35567392297273      1.70463041041741
    0.43     0.913364741083361    2.37293089962557       1.7462420967847
    0.44     0.937182073771166    2.39060209652876      1.78836961994339
    0.45     0.961178223632364     2.4086938779224      1.83042286942812
    0.46     0.985357321723899    2.42721415136201      1.87163594803379
    0.47       1.0097236969009    2.44615015145517      1.91349378522647
    0.48      1.03428161554751    2.46549688386313      1.95664255492418
    0.49      1.05903520776864    2.48526531236261      1.99998841178006
     0.5      1.08398853389707    2.50547511178865      2.04148337772563
    0.51      1.10914604013499    2.52610468615889       2.0835947406998
    0.52      1.13451203243477    2.54714881963055      2.12701001931177
    0.53      1.16009055717285    2.56863210038536      2.16912254207309
    0.54      1.18588604367974    2.59053783525012      2.21189529946862
    0.55      1.21190275595384    2.61286881034757      2.25513529667279
    0.56      1.23814488718647    2.63563697480806      2.29761928184026
    0.57      1.26461684647502    2.65883113166557      2.34072974428005
    0.58      1.29132294950256     2.6824518302916      2.38452990512777
    0.59      1.31826737537057    2.70651652950459      2.42715174875729
     0.6      1.34545447609335    2.73102426002505      2.46882210427838
    0.61      1.37288888174592    2.75594300908287       2.5133776049039
    0.62       1.4005748867396     2.7812809762072      2.56000514414967
    0.63      1.42851644655366    2.80708702481944      2.60318026985844
    0.64      1.45671815151995    2.83333778006509      2.64574151610754
    0.65      1.48518460873558    2.86000913331596      2.69064589347809
    0.66      1.51391994054612    2.88713506778695      2.73405294740866
    0.67        1.542928743288    2.91469536797226      2.77848904957338
    0.68      1.57221535758314    2.94270146733477      2.82274841643811
    0.69      1.60178424216708     2.9711522616683      2.86711314481766
     0.7      1.63163987348619     3.0000460021705      2.91194834581647
    0.71      1.66178669966072    3.02938588894088      2.95703298006903
    0.72      1.69222931844557    3.05915835396052      3.00420943166174
    0.73        1.722971973151    3.08939527524975       3.0496835388203
    0.74      1.75401906337396    3.12011079542436      3.09186709656463
    0.75      1.78537528885011     3.1512835704441      3.13357410245422
    0.76      1.81704557495751    3.18286597369864      3.18088489441683
    0.77      1.84903406280696    3.21490942258718      3.22759843687265
    0.78      1.88134529511019    3.24741714965233      3.27348133303198
    0.79      1.91398390717577    3.28038262227748      3.31951947450263
     0.8      1.94695449671276    3.31380565487836      3.36592573630278
    0.81       1.9802616550185    3.34768882277843      3.41254867770053
    0.82       2.0139098758187    3.38204908583351      3.45738689722177
    0.83      2.04790404920862    3.41685409605809      3.50481390997841
    0.84      2.08224862833975    3.45213004263382      3.55162296195567
    0.85      2.11694821208941    3.48788615055923      3.59679753992702
    0.86      2.15200779880758    3.52408108665118      3.64597800541857
    0.87      2.18743161754185    3.56077715381213      3.69111673064803
    0.88      2.22322475667824    3.59792450439742      3.73905540559377
    0.89      2.25939181524391    3.63554071516779      3.78765121668478
     0.9      2.29593724138321    3.67366589919185      3.83169613143668
    0.91      2.33286642244928    3.71221503329979      3.88293251273892
    0.92      2.37018342066524    3.75128563744869      3.92828362398954
    0.93      2.40789351609874    3.79081069434344      3.97715702737625
    0.94      2.44600129927755    3.83082035815801      4.02561357076641
    0.95      2.48451153741222    3.87132248058016       4.0727931148313
    0.96      2.52342927542645    3.91228855350077      4.12289968609256
    0.97      2.56275902750617    3.95376674316937        4.169394838848
    0.98      2.60250607945366    3.99569859678151      4.22078768536567
    0.99      2.64267482541724    4.03815481370113      4.26723657860067
       1      2.68327063914918    4.08106819389285      4.31862969050964
    1.01      2.72429805074186    4.12449565511097      4.36698133252301
    1.02      2.76576213774516    4.16841706035085      4.41546763722628
    1.03      2.80766800244668    4.21281117680359      4.46744504881932
    1.04      2.85002017131143     4.2577439203333      4.51345826235973
    1.05      2.89282424334667     4.3031251245212      4.56711673749116
    1.06      2.93608455775036    4.34905458952659      4.61381423871365
    1.07      2.97980673636937    4.39544276176771      4.66723852317802
    1.08      3.02399527197988    4.44237279910864      4.71510540696509
    1.09      3.06865569159007    4.48977366042549      4.76848455266661
     1.1      3.11379261708468    4.53771533437179      4.81692593564474
    1.11      3.15941155178046    4.58613480803492      4.87043249621476
    1.12      3.20551721657065    4.63509329238224      4.91976053099763
    1.13      3.25211502870002    4.68454587850068      4.97223012831146
    1.14      3.29920995861974    4.73452100236622      5.02363057247853
    1.15      3.34680717765477    4.78501786351779      5.07439425105793
    1.16      3.39491198028141    4.83601930432054      5.12752699132198
    1.17      3.44352937488114    4.88755652743895      5.17834303264688
    1.18      3.49266475742056    4.93960164986363      5.23161385929182
    1.19      3.54232321461596    4.99217947825513      5.28364201057128
     1.2      3.59251007787405    5.04527839792697      5.33659877474507
    1.21      3.64323057598493    5.09890621029344      5.38954051307643
    1.22      3.69449000250567    5.15306362100643      5.44262597625828
    1.23      3.74629365333628    5.20775354597451      5.49571466768028
    1.24      3.79864687774407    5.26297363820703      5.54948493989854
    1.25      3.85155496171505    5.31873490623818      5.60242335145901
    1.26      3.90502333359395    5.37502791491342      5.65642655341374
    1.27      3.95905733967005    5.43185990798914      5.71062025893559
    1.28      4.01366233335657     5.4892408874903       5.7635583249783
    1.29      4.06884388586866    5.54714560583785       5.8200186986076
     1.3      4.12460716872217    5.60562277451295       5.8717577743472
    1.31      4.18095799723057    5.66461052118077       5.9300729914838
    1.32      4.23790140452505    5.72418960983134      5.98092251743323
    1.33      4.29544339591329    5.78427023277415      6.04075378021035
    1.34      4.35358891590537    5.84495720670807       6.0910012253385
    1.35      4.41234409158416     5.9061444528188      6.15128178903296
    1.36      4.47171392860108    5.96793397724655      6.20332186438211
    1.37      4.53170441123112      6.030251976651      6.26102394412568
    1.38      4.59232092800793      6.093137751934      6.31753099085027
    1.39      4.65356905528655    6.15660017768861      6.37148429868627
     1.4      4.71545466602328    6.22059534045377      6.43155896173647
    1.41      4.77798304007125    6.28519562290298      6.48440322116446
    1.42       4.8411602620853    6.35032388223136      6.54510116858447
    1.43      4.90499164588519    6.41605424688141      6.59982909804692
    1.44      4.96948314454493    6.48234195450768       6.6575656181266
    1.45      5.03464044354185     6.5491971388724       6.7167961677203
    1.46      5.10046909996833    6.61666004643108      6.76994136393488
    1.47      5.16697527648348    6.68465460331982      6.83244582460792
    1.48      5.23416435721149    6.75326327845355      6.88835350334339
    1.49      5.30204236813449    6.82244492392497       6.9462246622759
     1.5      5.37061518022375     6.8921926321251      7.00793210693374
    1.51      5.43988835945818    6.96256625393392      7.06166737428155
    1.52      5.50986819956656    7.03348070652973       7.1252473010911
    1.53      5.58056020757472    7.10501643681992      7.18257477284287
    1.54      5.65197042708685    7.17714800205689      7.23923691106799
    1.55      5.72410496693948    7.24983929432779      7.30326362910071
    1.56      5.79696944189588    7.32316267736177      7.35986955564563
    1.57      5.87057005163204    7.39707147519263        7.419287298707
    1.58      5.94491281419944    7.47156102454379      7.48301952850401
    1.59      6.02000349701808    7.54668533823865      7.53987404124684
     1.6      6.09584836979089     7.6223944883999      7.60102844487665
    1.61      6.17245345318342    7.69869609146585      7.66535571958514
    1.62       6.2498245501043    7.77565100638297      7.71986750363914
    1.63      6.32796814534218    7.85317366714681      7.78387069741182
    1.64      6.40689014280807    7.93131117237141      7.84745334806919
    1.65      6.48659658059774    8.01008609884791       7.9059451873016
    1.66      6.56709376154072    8.08946579791798      7.96710878080393
    1.67      6.64838789775988    8.16944196620116      8.03336348054618
    1.68      6.73048494195872    8.25007059513706      8.09236150513045
    1.69      6.81339125689892    8.33131854430104      8.15209199424771
     1.7      6.89711320882181    8.41315533730587      8.22015625088351
    1.71      6.98165675467808     8.4956509042516      8.28074584937906
    1.72      7.06702827919764    8.57878018725359      8.34009514299867
    1.73      7.15323419904568    8.66251447655723      8.40548598795041
    1.74      7.24028073143159     8.7468768663719      8.47198811549038
    1.75      7.32817408682078    8.83189754523253      8.53279389073612
    1.76      7.41692070261902    8.91755701392698      8.59299902931215
    1.77      7.50652711387094    9.00381591601873      8.66270777214386
    1.78      7.59699944632007     9.0907398031254      8.72644390185893
    1.79      7.68834415490995    9.17831898683312      8.78696035794191
     1.8       7.7805677654227    9.26653052219155      8.85040890982114
    1.81      7.87367674687083    9.35537009285139      8.91841362671305
    1.82      7.96767748229639    9.44485982133791      8.98597847263429
    1.83      8.06257635857868    9.53502655854056      9.04672178564191
    1.84      8.15838000271154    9.62584100782024      9.10852290590554
    1.85      8.25509504850716    9.71727624531315      9.17883176148811
    1.86      8.35272786177097    9.80937936791684       9.2460944787622
    1.87      8.45128501672737    9.90214907219283       9.3110849633074
    1.88      8.55077310397613     9.9955847174329      9.37441887101158
    1.89      8.65119876049242    10.0896783544241       9.4386760384316
     1.9      8.75256868831003    10.1844094942138      9.50983554957843
    1.91      8.85488939460529      10.27981449878      9.57879289991466
    1.92      8.95816749254989    10.3759072427243      9.64225105525536
    1.93       9.0624097480134    10.4726652366605      9.70672497335977
    1.94      9.16762285989816    10.5700889043735      9.77262620186757
    1.95      9.27381355860705    10.6681751497017      9.84133953344577
    1.96      9.38098857741071    10.7669250583257      9.91314164760023
    1.97      9.48915459498567    10.8663601599282      9.98260781659829
    1.98      9.59831833938085    10.9664939786996      10.0463967251505
    1.99      9.70848669116275    11.0673021680333      10.1117963509425
       2      9.81966646171899    11.1687846575356      10.1793660382643
    2.01       9.9318644587397     11.270947627752      10.2478983486563
    2.02      10.0450875436996    11.3737871216459      10.3190661285227
    2.03      10.1593425669395     11.477307448019      10.3922043699366
    2.04      10.2746363323362    11.5815319288652      10.4610688321091
    2.05      10.3909757597868    11.6864555931854      10.5275552140099
    2.06      10.5083678130552    11.7920654482634      10.5959664871805
    2.07      10.6268194042246    11.8983688072557      10.6646896850493
    2.08      10.7463374566133    12.0053750504338      10.7314576190919
    2.09       10.866928974776    12.1130746259915      10.7996278075262
     2.1      10.9886009775303    12.2214586855445      10.8724069219163
    2.11      11.1113604053435    12.3305472281304      10.9443288220837
    2.12      11.2352142747432    12.4403426235076      11.0151782651888
    2.13      11.3601696417057    12.5508403469644      11.0868455891596
    2.14      11.4862335680017    12.6620392354867      11.1602323651032
    2.15      11.6134130969754    12.7739490991871       11.232844267577
    2.16      11.7417152799974    12.8865828532181      11.3011368254062
    2.17      11.8711472768675    12.9999245972869      11.3705640575479
    2.18       12.001716218636    13.1139723202296      11.4422927410742
    2.19      12.1334292240349    13.2287331290914      11.5146271791223
     2.2      12.2662934238466    13.3442156806343       11.585332237085
    2.21      12.4003159720537    13.4604266619114      11.6527445960127
    2.22      12.5355041175807    13.5773472753983      11.7234134930189
    2.23      12.6718650669461    13.6949772667355      11.7979706333163
    2.24      12.8094059942341    13.8133320983097      11.8719473036657
    2.25      12.9481341205776    13.9324172445108      11.9440569101071
    2.26      13.0880566833209    14.0522381821381      12.0129722482307
    2.27      13.2291809889654    14.1727826523279      12.0832350444268
    2.28      13.3715143548699    14.2940395851039      12.1590510275875
    2.29      13.5150640297967    14.4160257742724      12.2353759354334
     2.3      13.6598373042299    14.5387492751795      12.3100195677182
    2.31      13.8058414956598    14.6622143056507      12.3820297583484
    2.32       13.953083950456    14.7864204742047      12.4520021042786
    2.33      14.1015720857473    14.9113480404592      12.5271770864229
    2.34      14.2513132451743    15.0370071826742      12.6046031819477
    2.35      14.4023147838981    15.1634091722634      12.6809191680673
    2.36      14.5545841138537    15.2905507277127      12.7577569185313
    2.37      14.7081286223992    15.4184422144176        12.83197990678
    2.38      14.8629557403026    15.5470839856797      12.9039070307914
    2.39      15.0190729368585    15.6764672802439       12.977098123648
     2.4      15.1764876614778    15.8065951119894      13.0509716281099
    2.41      15.3352073885492    15.9374665562073      13.1263593723561
    2.42      15.4952395930237    16.0690853365892      13.2024414153776
    2.43      15.6565917256973    16.2014689457632      13.2733805750478
    2.44       15.819271348795    16.3345993408034      13.3461063089117
    2.45      15.9832860077761     16.468468756839      13.4239213148735
    2.46      16.1486431847868    16.6030972612731      13.5000590736966
    2.47      16.3153504196045    16.7384889418697       13.573453220716
    2.48      16.4834153260991    16.8746252667701      13.6513678366872
    2.49      16.6528454462068    17.0115184318115      13.7297762880645
     2.5      16.8236483389512    17.1491788923111      13.8052460419732
    2.51      16.9958316268035    17.2875981499907      13.8813771385016
    2.52      17.1694029026134    17.4267832840147      13.9559801679842
    2.53      17.3443697665322    17.5667433726022       14.026024851591
    2.54      17.5207399654977    17.7074359602588      14.1079407399872
    2.55      17.6985210538469    17.8488954501409      14.1892580303986
    2.56      17.8777206959096    17.9911192089102      14.2714205170873
    2.57      18.0583465125195    18.1341258425991      14.3476879326816
    2.58      18.2404061686888    18.2779215151848      14.4160439868835
    2.59      18.4239074426886    18.4224719518583       14.490051475047
     2.6      18.6088580262389    18.5677805072589      14.5688757946818
    2.61      18.7952655840813     18.713865253918      14.6459573051172
    2.62      18.9831378634228      18.86071654208      14.7254465094853
    2.63      19.1724825623624    19.0083475260461      14.8025929009333
    2.64       19.363307416508    19.1567603868698      14.8768649007541
    2.65       19.555620191615    19.3059494363826      14.9508818628137
    2.66      19.7494286410451    19.4559178687292      15.0237608497289
    2.67       19.944740634214    19.6066262158344      15.1116297265648
    2.68      20.1415637975575    19.7581354662847      15.1905330741631
    2.69      20.3399059463957    19.9104347941648      15.2651027701661
     2.7      20.5397748818682    20.0635228537955      15.3362037452455
    2.71       20.741178473001    20.2173744803394      15.4143528266544
    2.72      20.9441245564563     20.371980483147      15.5036639729978
    2.73      21.1486208037929    20.5274021764689       15.579581092257
    2.74      21.3546751089277    20.6836139842906      15.6527780318499
    2.75      21.5622953082346    20.8406172800065      15.7229998080777
    2.76      21.7714893964275    20.9983511811232      15.8156117201048
    2.77       21.982265010295    21.1569051279067      15.8941365850708
    2.78      22.1946300707051    21.3162545718141      15.9689378451645
    2.79      22.4085924494001    21.4763985315173      16.0406948290862
     2.8      22.6241601340614    21.6372906851526      16.1290204044865
    2.81      22.8413408628637    21.7989912092407      16.2091276563417
    2.82      23.0601425529049    21.9614883256606      16.2861378591316
    2.83      23.2805731320639    22.1247685422972      16.3660073496834
    2.84      23.5026405073227    22.2888301120238       16.449758140736
    2.85      23.7263525129461    22.4537044912324      16.5244005221172
    2.86      23.9517171466288    22.6193558923525      16.6051849229099
    2.87      24.1787423369114    22.7857802972883      16.6941885858715
    2.88      24.4074359310542    22.9530110668602      16.7774698701764
    2.89      24.6378057722467    23.1210866302278       16.838772757355
     2.9      24.8698600454251    23.2898994552517      16.9241817106295
    2.91      25.1036065673364    23.4595023601801      17.0114472749758
    2.92      25.3390532380794    23.6299148793799       17.092421058013
    2.93      25.5762079209027    23.8011754903183      17.1505403976374
    2.94      25.8150788707842    23.9731536550116      17.2422927409641
    2.95      26.0556737896758    24.1459599226815       17.320221628696
    2.96      26.2980006620671    24.3195850390102       17.388435758314
    2.97      26.5420675811204    24.4939742002563      17.4708791102579
    2.98      26.7878824695721    24.6691476278774      17.5589089969857
    2.99       27.035453209322    24.8451447530645      17.6355027715668
       3      27.2847878572094    25.0219304019404      17.7161421629712
    3.01      27.5358944035513    25.1995001750555      17.8029120831649
    3.02      27.7887807215038    25.3779017737853      17.8750361748497
    3.03      28.0434549555591    25.5570645451075      17.9635122101672
    3.04      28.2999250300199     25.737015765474      18.0566331086301
    3.05      28.5581987519802    25.9178363897837      18.1187426887347
    3.06      28.8182843568805    26.0994189782972      18.1972212182553
    3.07      29.0801897707702    26.2817920919445       18.279589828894
    3.08       29.343922916856    26.4649873810917        18.35195865994
    3.09       29.609491813173     26.648995560854      18.4184718767698
     3.1      29.8769046551859    26.8337284434705      18.5182296144784
    3.11       30.146169155527    27.0193124557929      18.5952350824354
    3.12      30.4172934766984    27.2056747406232      18.6818573452155
    3.13      30.6902855681392    27.3928377907819      18.7681383462436
    3.14      30.9651533232216    27.5808495222063      18.8328169969032
    3.15      31.2419049731674    27.7696061889499      18.9219082428188
    3.16      31.5205483871726    27.9591659205354      19.0096719651692
    3.17      31.8010914433074    28.1495833217079      19.0717709429232
    3.18      32.0835423855901    28.3407497565351      19.1564669191962
    3.19      32.3679090750391    28.5327258676145      19.2367771835984
     3.2      32.6541994876256    28.7255214634696      19.3082869427826
    3.21      32.9424217113126    28.9190962085004      19.3889300381458
    3.22      33.2325837328815    29.1134541525856      19.4769066509811
    3.23      33.5246934767391    29.3086262736368      19.5582030384885
    3.24       33.818759035643    29.5045676380325      19.6528511046722
    3.25      34.1147882586277    29.7013416343075       19.732539307799
    3.26      34.4127891040883    29.8989626770957       19.790688554091
    3.27      34.7127698204096    30.0973129934372      19.8796690709531
    3.28       35.014738169287     30.296491839832      19.9552027120306
    3.29      35.3187021201491    30.4965048840612      20.0146752579012
     3.3      35.6246699476854     30.697220503232      20.1164597151629
    3.31      35.9326492885929    30.8987894334391       20.193378448539
    3.32      36.2426482776464    31.1011393646635      20.2774223395629
    3.33      36.5546748771875    31.3042734282403      20.3670578887913
    3.34      36.8687369007478    31.5082595549964      20.4320727363302
    3.35      37.1848425361796    31.7129970249104       20.516790533383
    3.36      37.5029996626261    31.9185206326132       20.605656042481
    3.37      37.8232161427543    32.1248705562466      20.6808178905596
    3.38      38.1454999364671    32.3320425155846      20.7439335167457
    3.39      38.4698591905878     32.539947036004      20.8341527672974
     3.4      38.7963016168944     32.748684355864      20.9072360051599
    3.41      39.1248351928804    32.9582357973156      20.9712177302214
    3.42      39.4554680803088    33.1685001149498      21.0700993041343
    3.43      39.7882079068539    33.3796068700847      21.1470176430939
    3.44      40.1230627429616    33.5914897938126      21.2306148029992
    3.45      40.4600405020954    33.8041488317727      21.3206473856497
    3.46      40.7991489558686    34.0176429381128      21.3913774014248
    3.47      41.1403961191799    34.2319225724502      21.4639797202867
    3.48      41.4837899671097    34.4469531433293      21.5529838075696
    3.49      41.8293383026732    34.6627714552603      21.6422691749394
     3.5      42.1770488244304    34.8794557585409      21.6981859358207
    3.51       42.526929736974    35.0968651345466      21.7805755153853
    3.52       42.878988767333    35.3150594356294      21.8635660196643
    3.53      43.2332337378159    35.5340548076571      21.9400393286819
    3.54      43.5896724444676    35.7538750997888      21.9997357383447
    3.55      43.9483130281152    35.9743961967998      22.0944135458689
    3.56      44.3091630449702     36.195736079267      22.1742134208762
    3.57      44.6722303639696    36.4178780193565      22.2459105957291
    3.58       45.037522805663    36.6408221372651       22.309220848573
    3.59      45.4050484265303    36.8644681153544      22.4051069569998
     3.6      45.7748147553871    37.0889295309906      22.4863604240793
    3.61      46.1468296231285    37.3141916451944      22.5588081493249
    3.62      46.5211008329538    37.5402474988206       22.625039426872
    3.63      46.8976363130409    37.7670363596998      22.7091914111341
    3.64      47.2764437585517    37.9945880511366       22.798698196488
    3.65      47.6575307990835    38.2229542802478      22.8725337145694
    3.66      48.0409052607358    38.4521041238399      22.9427915861731
    3.67      48.4265748813494    38.6820380540603      23.0089586370674
    3.68      48.8145476050305    38.9126722302959      23.1033950230063
    3.69      49.2048308932003    39.1441077542496       23.186051158584
     3.7      49.5974324907306    39.3763304887096      23.2621681057874
    3.71      49.9923601379112    39.6093242240925      23.3376468012019
    3.72      50.3896214620342    39.8431117455637      23.4034800360477
    3.73      50.7892243326572    40.0776201145398      23.4868719627084
    3.74      51.1911763092077    40.3128902564667      23.5717556191834
    3.75      51.5954850375515    40.5489258415719      23.6562819503428
    3.76      52.0021581356627    40.7857361861343      23.7366530993579
    3.77      52.4112031619599    41.0233471047051      23.8032646085657
    3.78       52.822627854388     41.261715727159      23.8713639640307
    3.79      53.2364398552272    41.5008303883202       23.944672377585
     3.8      53.6526467149819    41.7407076867705      24.0167732662698
    3.81      54.0712560255828    41.9813448112755      24.0882346566504
    3.82      54.4922753953876    42.2227291040382       24.163009448818
    3.83      54.9157124410163    42.4648412365404       24.247221332618
    3.84       55.341574602569    42.7077184357195      24.3275305073885
    3.85      55.7698693992941    42.9513654445885      24.4020503015363
    3.86      56.2006043209162    43.1957917365428      24.4674691151874
    3.87      56.6337870284131    43.4409467034345      24.5400409887659
    3.88      57.0694250519881    43.6868197254999      24.6225579802839
    3.89      57.5075257505331    43.9334508121013      24.7015485790842
     3.9      57.9480965745473    44.1808451976894      24.7750693028131
    3.91      58.3911449503739    44.4290105388575      24.8405806020147
    3.92      58.8366784779422    44.6778974311298      24.9128917141551
    3.93      59.2847045959845    44.9275030125423       24.992189763118
    3.94      59.7352306225223       45.1778556895      25.0694328296074
    3.95      60.1882639763214    45.4289494793622       25.145996377863
    3.96       60.643812097863    45.6807684461156      25.2259460101446
    3.97      61.1018823247766    45.9333221871366      25.3059592054106
    3.98      61.5624818053795    46.1866654991698      25.3708862162692
    3.99      62.0256180649556    46.4407457242734       25.435138866332
       4      62.4912985578332    46.6955292006529      25.5071561467455
    4.01      62.9595305648899    46.9510246215286      25.5839171179978
    4.02      63.4303213886868    47.2072313164294      25.6648002168661
    4.03      63.9036781808905    47.4641817546264      25.7411233628458
    4.04      64.3796079496131     47.721933391147      25.7994301375983
    4.05      64.8581185103169    47.9803502144571      25.8719649227846
    4.06      65.3392170687251    48.2394424480582       25.955061451907
    4.07      65.8229103929993    48.4993112924303      26.0252546151081
    4.08      66.3092057605904    48.7599349240144      26.0880736660104
    4.09      66.7981108973306    49.0211992119183      26.1672352652724
     4.1      67.2896325724281    49.2831914290753      26.2432871015951
    4.11      67.7837774740461    49.5459954865611      26.3005114248211
    4.12      68.2805540202783    49.8093668798198       26.385462213794
    4.13      68.7799679932344    50.0735570512502      26.4501163170675
    4.14      69.2820272016451    50.3384311389074      26.5197444995658
    4.15      69.7867389309657    50.6039634020748      26.5971375984054
    4.16      70.2941092450807    50.8703093800467      26.6575473390701
    4.17      70.8041468414338    51.1372179210275      26.7392758541233
    4.18      71.3168566843247    51.4049899330638      26.7978658309223
    4.19      71.8322481954129    51.6732929381094      26.8792082772063
     4.2      72.3503257160611    51.9424693062414      26.9386090116801
    4.21      72.8710990930733    52.2121755482792      27.0171507774231
    4.22      73.3945724932434     52.482716109174      27.0811584258614
    4.23      73.9207551462152    52.7538688291523      27.1522631598872
    4.24      74.4496529704706    53.0257115186139      27.2237130197357
    4.25      74.9812716144135    53.2983503907478      27.2876268847994
    4.26      75.5156219551111    53.5715278051657      27.3582447331181
    4.27      76.0527062745683    53.8454602356067      27.4277213837805
    4.28      76.5925321640886    54.1201332570242       27.496508521672
    4.29       77.135111058719    54.3954792080225       27.558375007848
     4.3      77.6804454387102    54.6714208936762      27.6234528577701
    4.31      78.2285403372652     54.947947950248      27.6987982725043
    4.32      78.7794055945631    55.2253213813965      27.7721840315411
    4.33      79.3330490408127    55.5034796255987      27.8372957886265
    4.34      79.8894763864976    55.7821123476902      27.8992242926997
    4.35      80.4486932200642    56.0613408318416       27.967739635721
    4.36      81.0107060245117    56.3414941083841      28.0461856548114
    4.37      81.5755240164692    56.6223220273819      28.1128801730141
    4.38      82.1431541569153    56.9036462242628      28.1657231788045
    4.39      82.7135998043583    57.1855792281969      28.2328344986584
     4.4      83.2868648394236    57.4683359165901      28.3346402833491
    4.41      83.8629639513451    57.7519722659489      28.4162703572328
    4.42      84.4419072556853    58.0363388001125      28.4506803272184
    4.43       85.023697516293    58.3210707215506      28.4556873218351
    4.44      85.6083310608908    58.6057381898978      28.4841750521041
    4.45      86.1958107140265    58.8907140032947      28.5395356368462
    4.46       86.786145986164    59.1764238343266      28.6105756660934
    4.47      87.3793450728612    59.4631409897982      28.7121197683802
    4.48      87.9754155697219     59.751102430078      28.8860702278545
    4.49      88.5743747542711    60.0412880968025      29.1871622855133
     4.5      89.1762557603646    60.3358851355176      29.8141194709203
    4.51      89.7811263738249    60.6412377223914      31.6740049362317
    4.52      90.3892443905587    61.0082867399858      50.4826288708913
    4.53      91.0027909465988    61.7359132327737      76.8623725438062
    4.54      91.6239480909478    62.4907306123898      74.0281063629785
    4.55      92.2524994423988    63.2134557898689      70.3326437463243
    4.56      92.8880699398455    63.8912981024638      64.6674763804513
    4.57      93.5300238206697    64.4673869633576      42.6580612561095
    4.58      94.1758120735422    64.6472225344289      12.1145960109434
    4.59      94.8228966375794    64.7703558815587      12.5192933939304
     4.6      95.4712328551267    64.8975760412279      12.9287001061424
    4.61      96.1208621468126    65.0289976255159      13.3542835728572
    4.62      96.7718272248217    65.1647614663965      13.7935497743458
    4.63      97.4241722532583    65.3050164364667      14.2515459657176
    4.64      98.0779430213327    65.4499238342683      14.7383415777124
    4.65      98.7331870871672    65.5997131290377      15.2265146200956
    4.66      99.3899541835267    65.7545630367884      15.7553687553427
    4.67      100.048296332093    65.9147772310561      16.2955392052509
    4.68      100.708268480686    66.0806286815856      16.8774046460566
    4.69      101.369928904632    66.2524929645535      17.5042691087668
     4.7      102.033340017061    66.4308433634952      18.1813549503715
    4.71      102.698569468751    66.6162992276567      18.9199326891649
    4.72      103.365692119136    66.8096367741487      19.7668173643743
    4.73      104.034792690065    67.0121144526183      20.7657979856173
    4.74      104.705971971692    67.2258556783169      22.0486241820753
    4.75      105.379362280797    67.4556377199441      24.1465830504172
    4.76      106.055205552212    67.7277213474238      35.0362697184913
    4.77      106.736444748496    68.6370424535459      106.083096364329
    4.78      107.428088535045    69.6885427944016       104.19219591108
    4.79      108.130148759046    70.7199625647393      102.051632528213
     4.8      108.842412474551     71.728779683591      99.6330943115321
    4.81      109.564638004328     72.711673237713      96.8631271907829
    4.82      110.296544233514    73.6639542656547      93.4688208323429
    4.83      111.037789562401      74.57774591168      89.0272285090288
    4.84      111.787915388269    75.4350198591133      81.4100953559272
    4.85      112.545767865342    75.9900661391441      5.44657606318233
    4.86       113.30593993197    76.0448088660468      5.62073843969487
    4.87      114.066674249734    76.1025710894935      5.93039392110473
    4.88      114.828001733513    76.1634516358047       6.2402810774989
    4.89      115.589953788053    76.2274935575554      6.56270971310266
     4.9      116.352562311302    76.2947523162749      6.88818431190147
    4.91      117.115859733435    76.3652828820433      7.21701793280127
    4.92      117.879879052168    76.4391443213545      7.54912389451629
    4.93      118.644653876209    76.5163954707474      7.89386013079805
    4.94      119.410218465256    76.5971077238103       8.2443948076312
    4.95      120.176607786268    76.6813550606503      8.60030290061029
    4.96      120.943857573497    76.7692112743269      8.97290123991952
    4.97        121.7120043817    76.8607738274039      9.34273262765071
    4.98      122.481085683398    76.9561235419816      9.73517945318525
    4.99      123.251139927919    77.0553746993893      10.1326911192766
       5      124.022206658629    77.1586446896287      10.5326843732595

>> 